23196
10618
5766
44481
3290
28441
60857
18829
15919
11644
10497
55684
56703
51540
39760
8044
41175
53400
20880
26859
29756
54562
64816
14811
3454
49830
5658
35960
29740
31010
27063
52937
41628
32829
31882
44918
61270
27203
63747
11654
38847
8708
1802
30014
60248
41562
38058
35888
29427
58938
62747
59183
47964
62028
8458
51419
46322
14117
21843
10527
45127
48906
63464
21219
16199
29810
601
11933
57013
64348
23587
30324
7521
25389
60339
2233
1416
32861
38121
30843
26264
35333
24490
8692
31825
32949
60111
12611
47066
16418
23138
26657
65324
21066
47876
15987
50876
48477
27921
42353
47289
51508
7142
54810
11362
1945
57044
12778
34806
29629
43621
61070
64962
2575
4227
31251
35524
64338
43863
17054
15221
1465
43711
15009
22532
26051
30997
7872
8992
58918
50226
56282
44890
57368
45556
56252
59313
37064
3494
28583
1158
47115
24118
584
49691
28345
31836
19679
27147
10163
36734
42368
11628
14909
57378
34160
40961
22839
42033
49953
16221
26723
40699
61111
18555
20720
51828
12332
57784
55322
40915
58942
36902
65033
59527
21057
27842
25827
40736
54990
35990
11934
31822
47618
26844
23664
16243
2269
46503
58276
52222
62724
19463
27386
58300
38018
48106
44592
50350
40354
34378
25729
33761
5744
25227
27752
26801
53069
53579
2002
42523
24033
13936
8810
6115
40780
32474
22358
43049
13442
15098
29736
10630
34561
57122
3394
7043
39692
47986
57393
14510
16829
17587
48271
22573
42814
10487
49375
30347
64066
51377
7335
22563
65313
16145
28679
40558
48619
51037
18071
62061
600
47807
7156
35161
39393
10550
42205
13549
58537
34062
28060
9830
51649
10795
32403
28927
21283
16242
59275
19813
2083
1074
42377
1861
17219
5520
42419
302
56557
60490
62364
57157
42762
3984
26783
16619
14534
3452
30169
7535
37514
58229
17365
23628
3488
49769
52555
24771
475
46294
44585
2559
47368
21426
4420
64587
26946
46839
64890
17967
41793
61718
9589
19019
166
36372
35639
14700
39824
272
22236
11802
58501
39601
35430
61989
23834
22450
21225
24310
3208
274
26869
50577
21700
31289
49628
48646
12592
48982
1077
54385
45164
10666
7869
45330
47038
43508
60031
21326
43780
16731
33129
36745
56332
3023
33198
14631
25473
54423
38941
28682
54697
274
13723
10861
31563
63351
59507
44155
46798
60585
33004
26426
5715
40873
6221
52754
18845
716
8544
62625
17447
41673
33834
8243
44697
1497
22874
4634
55920
61815
33316
45082
62089
47039
55943
28116
44855
49915
6735
26117
44964
39740
52543
50679
15077
58764
37897
33923
59480
46442
31012
11391
22579
64847
19635
1740
808
42509
6375
56728
38789
39691
36274
35342
21195
26682
63459
514
11061
4658
26631
56025
44398
13638
41168
59476
6867
13530
27863
811
59972
58875
12203
17015
58186
31838
18756
58994
8811
25131
50187
47600
64822
20925
17407
20481
47607
15330
20995
58668
19988
47626
49157
64387
61265
24790
58327
2596
38320
20654
3407
32756
13993
15610
49771
6644
47448
2991
102
56260
28122
50289
38324
27409
5679
55731
47890
53286
5525
3350
46419
25514
50976
30040
24365
46705
54830
17156
49301
27614
37810
52709
60370
51803
2783
44606
58447
50232
47597
58550
40956
10184
43303
13744
37593
48982
3940
19947
36733
9465
23297
17616
34979
8738
47656
59344
55443
36951
10964
39209
64565
48774
26382
59400
35042
29165
38470
27953
13861
20531
20967
54817
30715
64271
3026
2772
47717
6966
22720
18914
16431
46017
36530
51411
54755
18651
45219
44663
55602
56184
18336
54631
39422
44718
48495
8928
8347
21429
36882
22209
41961
57849
11490
7140
56584
14516
9913
38766
21482
32633
57680
37914
13114
28675
23789
2334
47326
3472
46997
37392
59656
65333
26487
33543
44515
9447
42471
52862
30876
13817
9535
7301
6131
21026
14442
62715
35542
24355
35945
57025
56988
28090
29403
4566
56765
53192
6900
38555
56664
53897
10411
50785
53694
36898
18792
32673
46345
61263
20000
11686
9545
29535
18987
15676
50561
33429
12855
20568
57784
48801
12057
49236
11355
41460
53803
2584
29116
60703
41139
20244
49065
51550
5493
37223
22912
24285
4361
3722
20013
24361
15408
29558
53896
34395
45234
38922
2289
58089
59490
60073
41354
6011
43774
52709
47471
32041
55293
11051
27208
30896
31295
10737
16910
36789
47961
39823
61074
52322
43545
15551
11147
58953
45109
65043
27812
24807
38429
30101
17361
32383
24639
58715
38394
2877
45889
20329
34918
35646
31380
62126
1007
62676
7328
17917
33929
55289
57740
29467
42075
35749
45019
53222
29166
24592
52729
56979
49400
25623
21544
1225
58006
46183
59940
30865
49060
40293
51194
18442
10404
17039
15033
11411
14179
22361
29328
48108
12114
21533
12039
54189
57282
57058
41875
20913
16115
29068
12356
65515
54691
33900
1204
47162
14548
61144
12491
63608
35902
63685
16515
46306
15188
31548
57717
29367
53909
21509
11939
487
43042
23979
54676
34789
15501
31015
55702
31616
60083
2522
31595
49239
36422
32799
30865
50970
28408
43356
49043
64310
41505
22
45080
56694
31570
37261
20525
19943
58770
32465
20430
36277
56444
9570
5530
6409
40585
61232
38026
35132
63754
4085
18835
34640
36885
49700
20075
65293
27520
3582
64067
3490
3604
43611
60184
35174
15336
15173
55117
8570
47638
10011
44847
38546
19581
50377
44956
60166
46073
17446
29762
44291
21531
48598
13396
58416
32762
33471
58173
60283
37053
56704
63773
40657
34779
58421
10295
50115
8058
65412
58686
55697
9887
37997
28707
29468
22839
8127
24098
3376
25573
53860
47668
47105
36922
61064
39985
4149
28999
32623
64432
516
23791
62669
41173
58571
55554
51468
43150
63612
51344
36300
53773
61231
8762
16945
25163
31601
25072
49261
34977
50646
37585
17109
32215
8972
12637
6664
13121
41636
39287
12017
42152
63079
9150
17789
56114
64704
3721
33728
62780
55065
4493
51018
50760
13255
2427
10387
44856
27499
59648
14297
12609
31698
31407
44824
40670
44044
51489
53791
20145
25240
272
62297
22783
9422
14551
13361
8590
18272
47090
5834
7802
51583
56852
58562
64838
59279
3414
44158
21243
63062
58455
33852
29224
24326
13141
4358
2835
64630
58149
22980
24334
58421
19741
47118
2307
34292
60479
10897
52565
42033
16732
60367
28080
8048
53393
27382
1792
56807
6004
23035
54334
64460
56887
18022
23250
4492
22381
26085
3586
14994
49065
27921
7880
3271
9503
10187
37563
4446
21085
24592
46480
